$ANSIBLE_VAULT;1.1;AES256
63383033396362636232613663316330346363393530363863636239336634306131396162663832
3434636536666438366130356363383132303330306231620a306532663864333366366638313636
66333930363262333535623134326465633833336264343963616164656466663366633164626337
3266393934656364370a663163643764306236643061313164346163336538626339393639623735
33383032646334626166396438613361333563363432363963363062343130326666396630626230
33623266333936393534616662376563326432393662323630323631316231353433366366653030
36386539333239316662373935303933343139666563663763633536343265353066663365616565
64313034363438343731363361666134356663383066666536313535353335313332343038333563
65623036306665636139303936393833343033643732643464633963643737663936346636646339
62366337666362326264653338373132373539383938346534633534346531393834653638653766
30363033623830383237646466373635313263666561626564386234313665613761356366303238
64643332636532303835656337313361383536313731323162356362343164666263346539616332
31356363323035633361636261356132386534323339396635343339376233393861323939616231
64363832633966313365653436356663383661663265383537323434383437323036613532353932
61653531616631666536343966313236643261336239636263666438343339313733656334323233
30386330343736666162623463323438363735643733643561616363383866343562656633653930
34376535353731373935363564613735643162643633313930343732623536313835313837396539
37643262366562353065363734383766373438666337333031323664363366616163333034313837
63306333373262613537613033656331343365663366393238393837356664326236383338346664
64343061343437313131386432383138623564616666663037663237396433326462343565633737
66346636326462626163376637643239393136653638376564656336396364626135343463643835
62666539646238333362336635613062376664613565646637653836326262316430353735373766
66343034396232656539653834353631303639333762373530303563373634343636626362373061
39343965383661363338353365633932353765613562633335663036653539666334323630666537
3936
