$ANSIBLE_VAULT;1.1;AES256
33633833376634663030613533306533313236616364383533623430643465666533656639396564
3336666663633738343539623232336237343433336130390a326463623332333038373561326437
63646163386534383862363061366136653664613839363961393233616162386366623030306339
6664353230343334370a356632613763616136656437373763343737313165363233343439306431
37353039643364383165333735343337346433353761383264303432666236663834303635396137
34613834633865353939363235333664623962353738306430333535646161353937373739326531
63383038666339366133393764363163616463633763313333656363626464306637316138333138
32363438616531613733633637393238646134646234396331363432396632363064343633363563
38663030343430376362626661616631613063643733316334323662323438653836643439383362
34373735656262363434633766636362353865373537663063333932666665316466383564393939
64396462666230393336396134336535653337666233663931373536663735336166336561343635
62323434373839323362373135383738633162313564313332396563623064636534626434346665
35666636383963353036303239653465363231623961666532343337303662626533613262323832
33666661333934393433356635323564623333636632333438316232376261383631653364646537
61393164343564636138363066656535313333313565306438343331613365373863346339393765
61333863363762623665313632316465643738373664353935633931616130613032326539386334
32643366373862316366333237643166343137306538633931306339656237643133633733363730
35386335383433666261616564356232613233643765363032623933656630373231303032653033
32666365663834303666396533333036343366356334313031323864316237316264353836623865
33666364343337373333353836343161646532313436353663386435333739376662376366386433
31643433666430333530623630336538666437656366663666646432666135633465313139383964
35636635643333396636383761343163373638313632323663656132646632313761663138383731
30333863356166323533343433356130376662366536636234663434333838646561336537353666
38643037366135373065323732343931626461626630366330326263653136633664366263353161
38643637313261353235613832653463643562323933653134353264376632346536
