$ANSIBLE_VAULT;1.1;AES256
32303664376536336638333163303039343738373437613531383666666664323236326235653832
3165393937636136353363373433323335623137303066380a376665636536643433313433393131
33666662373264646234356264316266653031383061383433383938646363343631373762306462
3436363730623130300a353536616364653434303966373133356666353164393039626466386561
32396331346264313638313033656362626665613864633663666264373336393865306536353066
31623537623731376530396564343961626261643363383037623433333737613061373437376130
31346361393238656461663762376531323062323538383934653538333937336636343264616161
35613864656632653962633736336338646230643238306533313235333033393332376530633432
38373564346334383530633734363861373837656130633461396632396562323364393639303838
33366336363430363239363265336666386631383762636435353433663865383633383164363035
33653832633231363731366333313334306235643164623232383538376463633537613433653863
66333032363663613231
