$ANSIBLE_VAULT;1.1;AES256
62613263363930306638653630636534653738656639373431323831343266643164373439643066
3636626565376463353632626532383664323862616437320a633962366537643336326466643937
39313366366336386461346535623866373064633566623837306431393138383862363731323266
6335383835373937310a643539323330313465633434613962643135306164343463326463313133
38656635653936643030396431643362313338343733653561653138383834323036663531333730
30313133613261646366643735356161333234333534323365326362303730333063316233316364
66663631353138306261376162636163316465383434646165643164633339383432323333326430
65323536633664643330393432326131373235343664356635373464326636343461306534356236
36653261336333383863366536356332626164383638326663666663373839613962303565313339
63313636623830613330653065316231346361623237636138643538373136383961336639343431
37316438326334323237616634386661376338373431646165303336326339656330346163316461
33386430646436356631373835303830633932336335313638643137356566663735323134623136
37303839653834366539613039323363306630643461373464373763663938646336633036306438
36643936336162316439353963353738626134313530633839653933626565313361643832343932
64626464336166646363613065313263353634383137313463393339323061623530373234386535
39303336346434363866313336316666303532356664396134323963343837376564663939383136
35323663306466396562383561656365346633393066636364326336323538626430336437333937
31663962303930323530636265363436323763653234383532386334303463346236633337373335
37656433333433653666313962663462373863363635343630316663363236663139376532623336
62373164346132396536643837323831383132353037316466646363326635633465363533336535
35666237353061363430363763633030316662653233616662633632613133616363356562663934
65323232333062343932623830383162333739623832326163303763313930383434386637626463
37396334383536626664613937336434356136643364343263373339343862636264356563613731
66356663346633653463643763326461396166383631646333303136323637336539353161623339
35333665633730396332356439323737663731366639643362333363373331396338
