$ANSIBLE_VAULT;1.1;AES256
64393638363339623064386537383237313636333165643436396563376365383264393061386333
3534623532626462653934343631323263623964646632330a373265646231393337396161353833
38323161313235323833663031333566336235326539643666353064333031643232663365323438
6363653238323036380a633261666130303962323561363634386563616165623436326663323035
62643936366163613734633662376133666533663730333133386537376533343161633463616536
38306464613231663266326232336465376563353166616238643162313964316532373633616562
37663263623136396166623534336339316130353135666162323863316165623732663638656630
30323732333862636366393231386231346434653162333034373138343736623563623232383738
61303839633063643265336364343737646237613630643734373930326230303435373463376336
62316431323864656266313135663265373630643438363637363438386531383461366432323731
34386262386335393835633138353365663166613635383335643063353333633735326438333439
36343831353566633234646436386432313163336231663236616234393735333466663835353164
30626364333836653835636335643435333133376565376662663861343036343436313736623336
37646261373136316135666564316439383139303837363530333539636363633634396661646462
35356631343237646530383461643037626463396135373065623462343633663264303637636431
35373437373831653634366233646363653436613966653461636235623537373939376232373862
66363739353232386136643233653732616265353965333137336437393030666237613066386262
30623662373461393736623434626137346332353834326431613038326634643731323430343531
30373563383637646632313362346435366337333265383835316464643136346138643764323762
62346562343330653131396135626164626262366633323761643931383037656536396563373138
39393965333661663864376335323934653537613431643731376165383435323835376537663866
36653638353938396336313934613362653633303863656634336333343062366336383731323362
30633938313036376662373034316136376465343135363661336635396565653262623737653562
39363734333766303535633537343132376261313064383936616661643230393562373832393565
3338
